None
1568774785844547586
1568774861245542407
1568775126186876928
1568774949846007808
1568780095355260928
1568779780182667265
1568778590149578754
1568778588958396417
1568777921040621568
1568777592999919616
1568776785944547330
1568776146170556418
1568776019968159748
1568774855721627649
1568766306975109121
1568786124562378759
1568786119885750274
1569110987990798337
1569109785143922699
1569108498658500610
1569140465567518722
1569140395451228161
1569141112304013313
1569147730408120320
1569147617464193024
1569147138357211136
1569145617460465666
1569145447687819264
1569148436859035650
1569149118429233152
1569149081041108993
1569148695937191936
1569148694762749952
1569157063963545602
1569156492586274817
1569155851579199488
